(kicad_pcb (version 20171130) (host pcbnew "(5.1.12)-1")

  (general
    (thickness 1.6)
    (drawings 0)
    (tracks 0)
    (zones 0)
    (modules 106)
    (nets 175)
  )

  (page A4)
  (layers
    (0 F.Cu signal)
    (1 In1.Cu signal)
    (2 In2.Cu signal)
    (31 B.Cu signal)
    (32 B.Adhes user)
    (33 F.Adhes user)
    (34 B.Paste user)
    (35 F.Paste user)
    (36 B.SilkS user)
    (37 F.SilkS user)
    (38 B.Mask user)
    (39 F.Mask user)
    (40 Dwgs.User user)
    (41 Cmts.User user)
    (42 Eco1.User user)
    (43 Eco2.User user)
    (44 Edge.Cuts user)
    (45 Margin user)
    (46 B.CrtYd user)
    (47 F.CrtYd user)
    (48 B.Fab user)
    (49 F.Fab user)
  )

  (setup
    (last_trace_width 0.25)
    (user_trace_width 1.5)
    (user_trace_width 3)
    (user_trace_width 6)
    (trace_clearance 0.2)
    (zone_clearance 0.508)
    (zone_45_only no)
    (trace_min 0.2)
    (via_size 0.8)
    (via_drill 0.4)
    (via_min_size 0.4)
    (via_min_drill 0.3)
    (uvia_size 0.3)
    (uvia_drill 0.1)
    (uvias_allowed no)
    (uvia_min_size 0.2)
    (uvia_min_drill 0.1)
    (edge_width 0.1)
    (segment_width 0.2)
    (pcb_text_width 0.3)
    (pcb_text_size 1.5 1.5)
    (mod_edge_width 0.15)
    (mod_text_size 1 1)
    (mod_text_width 0.15)
    (pad_size 6.25 6.25)
    (pad_drill 3)
    (pad_to_mask_clearance 0)
    (aux_axis_origin 0 0)
    (visible_elements 7FFFF7FF)
    (pcbplotparams
      (layerselection 0x010fc_ffffffff)
      (usegerberextensions false)
      (usegerberattributes true)
      (usegerberadvancedattributes true)
      (creategerberjobfile true)
      (excludeedgelayer true)
      (linewidth 0.100000)
      (plotframeref false)
      (viasonmask false)
      (mode 1)
      (useauxorigin false)
      (hpglpennumber 1)
      (hpglpenspeed 20)
      (hpglpendiameter 15.000000)
      (psnegative false)
      (psa4output false)
      (plotreference true)
      (plotvalue true)
      (plotinvisibletext false)
      (padsonsilk false)
      (subtractmaskfromsilk false)
      (outputformat 1)
      (mirror false)
      (drillshape 1)
      (scaleselection 1)
      (outputdirectory ""))
  )

  (net 0 "")
  (net 1 TeensyVDD)
  (net 2 GND)
  (net 3 "Net-(IC1-Pad1)")
  (net 4 SCL0)
  (net 5 SDA0)
  (net 6 "Net-(IC1-Pad10)")
  (net 7 "Net-(IC1-Pad11)")
  (net 8 "Net-(IC1-Pad20)")
  (net 9 "Net-(IC2-Pad1)")
  (net 10 "Net-(IC2-Pad10)")
  (net 11 "Net-(IC2-Pad11)")
  (net 12 "Net-(IC2-Pad20)")
  (net 13 "Net-(IC3-Pad20)")
  (net 14 "Net-(IC3-Pad11)")
  (net 15 "Net-(IC3-Pad10)")
  (net 16 "Net-(IC3-Pad1)")
  (net 17 VDD)
  (net 18 SPEAK6+)
  (net 19 SPEAK6-)
  (net 20 SPEAK5+)
  (net 21 SPEAK5-)
  (net 22 SPEAK4+)
  (net 23 SPEAK4-)
  (net 24 SPEAK3+)
  (net 25 SPEAK3-)
  (net 26 SPEAK2+)
  (net 27 SPEAK2-)
  (net 28 SPEAK1+)
  (net 29 SPEAK1-)
  (net 30 SPEAK7-)
  (net 31 SPEAK7+)
  (net 32 SPEAK8-)
  (net 33 SPEAK8+)
  (net 34 SPEAK9-)
  (net 35 SPEAK9+)
  (net 36 SPEAK10-)
  (net 37 SPEAK10+)
  (net 38 SPEAK11-)
  (net 39 SPEAK11+)
  (net 40 SPEAK12-)
  (net 41 SPEAK12+)
  (net 42 SCL1)
  (net 43 FREQ11)
  (net 44 FREQ12)
  (net 45 SDA1)
  (net 46 FREQ16)
  (net 47 FREQ15)
  (net 48 FREQ14)
  (net 49 FREQ13)
  (net 50 FREQ4)
  (net 51 FREQ2)
  (net 52 FREQ3)
  (net 53 FREQ8)
  (net 54 FREQ6)
  (net 55 FREQ7)
  (net 56 FREQ5)
  (net 57 FREQ10)
  (net 58 FREQ9)
  (net 59 FREQ1)
  (net 60 "Net-(C4-Pad1)")
  (net 61 "Net-(C8-Pad1)")
  (net 62 "Net-(C12-Pad1)")
  (net 63 "Net-(C16-Pad1)")
  (net 64 "Net-(C20-Pad1)")
  (net 65 "Net-(C24-Pad1)")
  (net 66 "Net-(C29-Pad1)")
  (net 67 "Net-(C33-Pad1)")
  (net 68 "Net-(C38-Pad1)")
  (net 69 "Net-(C42-Pad1)")
  (net 70 "Net-(C47-Pad1)")
  (net 71 "Net-(C51-Pad1)")
  (net 72 /Sheet612C106D/sheet61A7FB4F/IN.L)
  (net 73 /Sheet612C106D/PAM8406/IN.L)
  (net 74 /Sheet612C106D/PAM8406/IN.R)
  (net 75 "Net-(IC1-Pad14)")
  (net 76 "Net-(IC1-Pad15)")
  (net 77 /Sheet612C106D/sheet61A7FB4F/IN.R)
  (net 78 /sheet612B5543/sheet61A7FB4F/IN.L)
  (net 79 /sheet612B5543/PAM8406/IN.L)
  (net 80 /sheet612B5543/PAM8406/IN.R)
  (net 81 "Net-(IC2-Pad14)")
  (net 82 "Net-(IC2-Pad15)")
  (net 83 /sheet612B5543/sheet61A7FB4F/IN.R)
  (net 84 /sheet612B611D/sheet61A7FB4F/IN.R)
  (net 85 "Net-(IC3-Pad15)")
  (net 86 "Net-(IC3-Pad14)")
  (net 87 /sheet612B611D/PAM8406/IN.R)
  (net 88 /sheet612B611D/PAM8406/IN.L)
  (net 89 /sheet612B611D/sheet61A7FB4F/IN.L)
  (net 90 "Net-(IC10-Pad20)")
  (net 91 /sheet61A95E1B/sheet61A7FB4F/IN.R)
  (net 92 "Net-(IC10-Pad15)")
  (net 93 "Net-(IC10-Pad14)")
  (net 94 /sheet61A95E1B/PAM8406/IN.R)
  (net 95 "Net-(IC10-Pad11)")
  (net 96 "Net-(IC10-Pad10)")
  (net 97 /sheet61A95E1B/PAM8406/IN.L)
  (net 98 /sheet61A95E1B/sheet61A7FB4F/IN.L)
  (net 99 "Net-(IC10-Pad1)")
  (net 100 SPEAK16+)
  (net 101 SPEAK16-)
  (net 102 SPEAK15-)
  (net 103 SPEAK15+)
  (net 104 SPEAK13+)
  (net 105 SPEAK13-)
  (net 106 SPEAK14-)
  (net 107 SPEAK14+)
  (net 108 "Net-(IC13-Pad20)")
  (net 109 /sheet61A95E1C/sheet61A7FB4F/IN.R)
  (net 110 "Net-(IC13-Pad15)")
  (net 111 "Net-(IC13-Pad14)")
  (net 112 /sheet61A95E1C/PAM8406/IN.R)
  (net 113 "Net-(IC13-Pad11)")
  (net 114 "Net-(IC13-Pad10)")
  (net 115 /sheet61A95E1C/PAM8406/IN.L)
  (net 116 /sheet61A95E1C/sheet61A7FB4F/IN.L)
  (net 117 "Net-(IC13-Pad1)")
  (net 118 SPEAK20+)
  (net 119 SPEAK20-)
  (net 120 SPEAK19-)
  (net 121 SPEAK19+)
  (net 122 SPEAK18+)
  (net 123 SPEAK18-)
  (net 124 SPEAK17-)
  (net 125 SPEAK17+)
  (net 126 "Net-(IC16-Pad1)")
  (net 127 /sheet61A95E1D/sheet61A7FB4F/IN.L)
  (net 128 /sheet61A95E1D/PAM8406/IN.L)
  (net 129 "Net-(IC16-Pad10)")
  (net 130 "Net-(IC16-Pad11)")
  (net 131 /sheet61A95E1D/PAM8406/IN.R)
  (net 132 "Net-(IC16-Pad14)")
  (net 133 "Net-(IC16-Pad15)")
  (net 134 /sheet61A95E1D/sheet61A7FB4F/IN.R)
  (net 135 "Net-(IC16-Pad20)")
  (net 136 SPEAK23+)
  (net 137 SPEAK23-)
  (net 138 SPEAK24-)
  (net 139 SPEAK24+)
  (net 140 SPEAK22+)
  (net 141 SPEAK22-)
  (net 142 SPEAK21-)
  (net 143 SPEAK21+)
  (net 144 "Net-(U1-Pad34)")
  (net 145 "Net-(U1-PadCANL)")
  (net 146 "Net-(U1-Pad35)")
  (net 147 "Net-(U1-PadCANH)")
  (net 148 "Net-(U1-Pad36)")
  (net 149 "Net-(U1-PadVUSB)")
  (net 150 "Net-(U1-Pad37)")
  (net 151 "Net-(U1-PadVHST)")
  (net 152 "Net-(U1-Pad38)")
  (net 153 "Net-(U1-PadD-)")
  (net 154 "Net-(U1-Pad39)")
  (net 155 "Net-(U1-PadD+)")
  (net 156 "Net-(U1-PadVB)")
  (net 157 "Net-(U1-PadGND)")
  (net 158 "Net-(U1-PadVIN)")
  (net 159 "Net-(U1-Pad3)")
  (net 160 "Net-(U1-Pad21)")
  (net 161 "Net-(U1-Pad20)")
  (net 162 "Net-(U1-Pad8)")
  (net 163 "Net-(U1-Pad9)")
  (net 164 "Net-(U1-PadON)")
  (net 165 "Net-(U1-Pad33)")
  (net 166 "Net-(U1-PadPG)")
  (net 167 "Net-(U1-Pad32)")
  (net 168 "Net-(U1-Pad31)")
  (net 169 "Net-(U1-Pad25)")
  (net 170 "Net-(U1-Pad30)")
  (net 171 "Net-(U1-Pad26)")
  (net 172 "Net-(U1-Pad29)")
  (net 173 "Net-(U1-Pad27)")
  (net 174 "Net-(U1-Pad28)")

  (net_class Default "This is the default net class."
    (clearance 0.2)
    (trace_width 0.25)
    (via_dia 0.8)
    (via_drill 0.4)
    (uvia_dia 0.3)
    (uvia_drill 0.1)
    (add_net /Sheet612C106D/PAM8406/IN.L)
    (add_net /Sheet612C106D/PAM8406/IN.R)
    (add_net /Sheet612C106D/sheet61A7FB4F/IN.L)
    (add_net /Sheet612C106D/sheet61A7FB4F/IN.R)
    (add_net /sheet612B5543/PAM8406/IN.L)
    (add_net /sheet612B5543/PAM8406/IN.R)
    (add_net /sheet612B5543/sheet61A7FB4F/IN.L)
    (add_net /sheet612B5543/sheet61A7FB4F/IN.R)
    (add_net /sheet612B611D/PAM8406/IN.L)
    (add_net /sheet612B611D/PAM8406/IN.R)
    (add_net /sheet612B611D/sheet61A7FB4F/IN.L)
    (add_net /sheet612B611D/sheet61A7FB4F/IN.R)
    (add_net /sheet61A95E1B/PAM8406/IN.L)
    (add_net /sheet61A95E1B/PAM8406/IN.R)
    (add_net /sheet61A95E1B/sheet61A7FB4F/IN.L)
    (add_net /sheet61A95E1B/sheet61A7FB4F/IN.R)
    (add_net /sheet61A95E1C/PAM8406/IN.L)
    (add_net /sheet61A95E1C/PAM8406/IN.R)
    (add_net /sheet61A95E1C/sheet61A7FB4F/IN.L)
    (add_net /sheet61A95E1C/sheet61A7FB4F/IN.R)
    (add_net /sheet61A95E1D/PAM8406/IN.L)
    (add_net /sheet61A95E1D/PAM8406/IN.R)
    (add_net /sheet61A95E1D/sheet61A7FB4F/IN.L)
    (add_net /sheet61A95E1D/sheet61A7FB4F/IN.R)
    (add_net FREQ1)
    (add_net FREQ10)
    (add_net FREQ11)
    (add_net FREQ12)
    (add_net FREQ13)
    (add_net FREQ14)
    (add_net FREQ15)
    (add_net FREQ16)
    (add_net FREQ2)
    (add_net FREQ3)
    (add_net FREQ4)
    (add_net FREQ5)
    (add_net FREQ6)
    (add_net FREQ7)
    (add_net FREQ8)
    (add_net FREQ9)
    (add_net GND)
    (add_net "Net-(C12-Pad1)")
    (add_net "Net-(C16-Pad1)")
    (add_net "Net-(C20-Pad1)")
    (add_net "Net-(C24-Pad1)")
    (add_net "Net-(C29-Pad1)")
    (add_net "Net-(C33-Pad1)")
    (add_net "Net-(C38-Pad1)")
    (add_net "Net-(C4-Pad1)")
    (add_net "Net-(C42-Pad1)")
    (add_net "Net-(C47-Pad1)")
    (add_net "Net-(C51-Pad1)")
    (add_net "Net-(C8-Pad1)")
    (add_net "Net-(IC1-Pad1)")
    (add_net "Net-(IC1-Pad10)")
    (add_net "Net-(IC1-Pad11)")
    (add_net "Net-(IC1-Pad14)")
    (add_net "Net-(IC1-Pad15)")
    (add_net "Net-(IC1-Pad20)")
    (add_net "Net-(IC10-Pad1)")
    (add_net "Net-(IC10-Pad10)")
    (add_net "Net-(IC10-Pad11)")
    (add_net "Net-(IC10-Pad14)")
    (add_net "Net-(IC10-Pad15)")
    (add_net "Net-(IC10-Pad20)")
    (add_net "Net-(IC13-Pad1)")
    (add_net "Net-(IC13-Pad10)")
    (add_net "Net-(IC13-Pad11)")
    (add_net "Net-(IC13-Pad14)")
    (add_net "Net-(IC13-Pad15)")
    (add_net "Net-(IC13-Pad20)")
    (add_net "Net-(IC16-Pad1)")
    (add_net "Net-(IC16-Pad10)")
    (add_net "Net-(IC16-Pad11)")
    (add_net "Net-(IC16-Pad14)")
    (add_net "Net-(IC16-Pad15)")
    (add_net "Net-(IC16-Pad20)")
    (add_net "Net-(IC2-Pad1)")
    (add_net "Net-(IC2-Pad10)")
    (add_net "Net-(IC2-Pad11)")
    (add_net "Net-(IC2-Pad14)")
    (add_net "Net-(IC2-Pad15)")
    (add_net "Net-(IC2-Pad20)")
    (add_net "Net-(IC3-Pad1)")
    (add_net "Net-(IC3-Pad10)")
    (add_net "Net-(IC3-Pad11)")
    (add_net "Net-(IC3-Pad14)")
    (add_net "Net-(IC3-Pad15)")
    (add_net "Net-(IC3-Pad20)")
    (add_net "Net-(U1-Pad20)")
    (add_net "Net-(U1-Pad21)")
    (add_net "Net-(U1-Pad25)")
    (add_net "Net-(U1-Pad26)")
    (add_net "Net-(U1-Pad27)")
    (add_net "Net-(U1-Pad28)")
    (add_net "Net-(U1-Pad29)")
    (add_net "Net-(U1-Pad3)")
    (add_net "Net-(U1-Pad30)")
    (add_net "Net-(U1-Pad31)")
    (add_net "Net-(U1-Pad32)")
    (add_net "Net-(U1-Pad33)")
    (add_net "Net-(U1-Pad34)")
    (add_net "Net-(U1-Pad35)")
    (add_net "Net-(U1-Pad36)")
    (add_net "Net-(U1-Pad37)")
    (add_net "Net-(U1-Pad38)")
    (add_net "Net-(U1-Pad39)")
    (add_net "Net-(U1-Pad8)")
    (add_net "Net-(U1-Pad9)")
    (add_net "Net-(U1-PadCANH)")
    (add_net "Net-(U1-PadCANL)")
    (add_net "Net-(U1-PadD+)")
    (add_net "Net-(U1-PadD-)")
    (add_net "Net-(U1-PadGND)")
    (add_net "Net-(U1-PadON)")
    (add_net "Net-(U1-PadPG)")
    (add_net "Net-(U1-PadVB)")
    (add_net "Net-(U1-PadVHST)")
    (add_net "Net-(U1-PadVIN)")
    (add_net "Net-(U1-PadVUSB)")
    (add_net SCL0)
    (add_net SCL1)
    (add_net SDA0)
    (add_net SDA1)
    (add_net SPEAK1+)
    (add_net SPEAK1-)
    (add_net SPEAK10+)
    (add_net SPEAK10-)
    (add_net SPEAK11+)
    (add_net SPEAK11-)
    (add_net SPEAK12+)
    (add_net SPEAK12-)
    (add_net SPEAK13+)
    (add_net SPEAK13-)
    (add_net SPEAK14+)
    (add_net SPEAK14-)
    (add_net SPEAK15+)
    (add_net SPEAK15-)
    (add_net SPEAK16+)
    (add_net SPEAK16-)
    (add_net SPEAK17+)
    (add_net SPEAK17-)
    (add_net SPEAK18+)
    (add_net SPEAK18-)
    (add_net SPEAK19+)
    (add_net SPEAK19-)
    (add_net SPEAK2+)
    (add_net SPEAK2-)
    (add_net SPEAK20+)
    (add_net SPEAK20-)
    (add_net SPEAK21+)
    (add_net SPEAK21-)
    (add_net SPEAK22+)
    (add_net SPEAK22-)
    (add_net SPEAK23+)
    (add_net SPEAK23-)
    (add_net SPEAK24+)
    (add_net SPEAK24-)
    (add_net SPEAK3+)
    (add_net SPEAK3-)
    (add_net SPEAK4+)
    (add_net SPEAK4-)
    (add_net SPEAK5+)
    (add_net SPEAK5-)
    (add_net SPEAK6+)
    (add_net SPEAK6-)
    (add_net SPEAK7+)
    (add_net SPEAK7-)
    (add_net SPEAK8+)
    (add_net SPEAK8-)
    (add_net SPEAK9+)
    (add_net SPEAK9-)
    (add_net TeensyVDD)
    (add_net VDD)
  )

  (module "SMD Capacitor:C_1206_3216Metric_Pad1.33x1.80mm_HandSolder" (layer F.Cu) (tedit 5F68FEEF) (tstamp 61A3CE24)
    (at 115.775001 95.335001)
    (descr "Capacitor SMD 1206 (3216 Metric), square (rectangular) end terminal, IPC_7351 nominal with elongated pad for handsoldering. (Body size source: IPC-SM-782 page 76, https://www.pcb-3d.com/wordpress/wp-content/uploads/ipc-sm-782a_amendment_1_and_2.pdf), generated with kicad-footprint-generator")
    (tags "capacitor handsolder")
    (path /612C106E/61363135)
    (attr smd)
    (fp_text reference C1 (at 0 -1.85) (layer F.SilkS)
      (effects (font (size 1 1) (thickness 0.15)))
    )
    (fp_text value 100nF (at 0 1.85) (layer F.Fab)
      (effects (font (size 1 1) (thickness 0.15)))
    )
    (fp_text user %R (at 0 0) (layer F.Fab)
      (effects (font (size 0.8 0.8) (thickness 0.12)))
    )
    (fp_line (start -1.6 0.8) (end -1.6 -0.8) (layer F.Fab) (width 0.1))
    (fp_line (start -1.6 -0.8) (end 1.6 -0.8) (layer F.Fab) (width 0.1))
    (fp_line (start 1.6 -0.8) (end 1.6 0.8) (layer F.Fab) (width 0.1))
    (fp_line (start 1.6 0.8) (end -1.6 0.8) (layer F.Fab) (width 0.1))
    (fp_line (start -0.711252 -0.91) (end 0.711252 -0.91) (layer F.SilkS) (width 0.12))
    (fp_line (start -0.711252 0.91) (end 0.711252 0.91) (layer F.SilkS) (width 0.12))
    (fp_line (start -2.48 1.15) (end -2.48 -1.15) (layer F.CrtYd) (width 0.05))
    (fp_line (start -2.48 -1.15) (end 2.48 -1.15) (layer F.CrtYd) (width 0.05))
    (fp_line (start 2.48 -1.15) (end 2.48 1.15) (layer F.CrtYd) (width 0.05))
    (fp_line (start 2.48 1.15) (end -2.48 1.15) (layer F.CrtYd) (width 0.05))
    (pad 2 smd roundrect (at 1.5625 0) (size 1.325 1.8) (layers F.Cu F.Paste F.Mask) (roundrect_rratio 0.188679)
      (net 2 GND))
    (pad 1 smd roundrect (at -1.5625 0) (size 1.325 1.8) (layers F.Cu F.Paste F.Mask) (roundrect_rratio 0.188679)
      (net 1 TeensyVDD))
    (model ${KICAD6_3DMODEL_DIR}/Capacitor_SMD.3dshapes/C_1206_3216Metric.wrl
      (at (xyz 0 0 0))
      (scale (xyz 1 1 1))
      (rotate (xyz 0 0 0))
    )
  )

  (module "SMD Capacitor:C_1206_3216Metric_Pad1.33x1.80mm_HandSolder" (layer F.Cu) (tedit 5F68FEEF) (tstamp 61A3CE35)
    (at 139.885001 86.245001)
    (descr "Capacitor SMD 1206 (3216 Metric), square (rectangular) end terminal, IPC_7351 nominal with elongated pad for handsoldering. (Body size source: IPC-SM-782 page 76, https://www.pcb-3d.com/wordpress/wp-content/uploads/ipc-sm-782a_amendment_1_and_2.pdf), generated with kicad-footprint-generator")
    (tags "capacitor handsolder")
    (path /612B5551/61363135)
    (attr smd)
    (fp_text reference C2 (at 0 -1.85) (layer F.SilkS)
      (effects (font (size 1 1) (thickness 0.15)))
    )
    (fp_text value 100nF (at 0 1.85) (layer F.Fab)
      (effects (font (size 1 1) (thickness 0.15)))
    )
    (fp_line (start 2.48 1.15) (end -2.48 1.15) (layer F.CrtYd) (width 0.05))
    (fp_line (start 2.48 -1.15) (end 2.48 1.15) (layer F.CrtYd) (width 0.05))
    (fp_line (start -2.48 -1.15) (end 2.48 -1.15) (layer F.CrtYd) (width 0.05))
    (fp_line (start -2.48 1.15) (end -2.48 -1.15) (layer F.CrtYd) (width 0.05))
    (fp_line (start -0.711252 0.91) (end 0.711252 0.91) (layer F.SilkS) (width 0.12))
    (fp_line (start -0.711252 -0.91) (end 0.711252 -0.91) (layer F.SilkS) (width 0.12))
    (fp_line (start 1.6 0.8) (end -1.6 0.8) (layer F.Fab) (width 0.1))
    (fp_line (start 1.6 -0.8) (end 1.6 0.8) (layer F.Fab) (width 0.1))
    (fp_line (start -1.6 -0.8) (end 1.6 -0.8) (layer F.Fab) (width 0.1))
    (fp_line (start -1.6 0.8) (end -1.6 -0.8) (layer F.Fab) (width 0.1))
    (fp_text user %R (at 0 0) (layer F.Fab)
      (effects (font (size 0.8 0.8) (thickness 0.12)))
    )
    (pad 1 smd roundrect (at -1.5625 0) (size 1.325 1.8) (layers F.Cu F.Paste F.Mask) (roundrect_rratio 0.188679)
      (net 1 TeensyVDD))
    (pad 2 smd roundrect (at 1.5625 0) (size 1.325 1.8) (layers F.Cu F.Paste F.Mask) (roundrect_rratio 0.188679)
      (net 2 GND))
    (model ${KICAD6_3DMODEL_DIR}/Capacitor_SMD.3dshapes/C_1206_3216Metric.wrl
      (at (xyz 0 0 0))
      (scale (xyz 1 1 1))
      (rotate (xyz 0 0 0))
    )
  )

  (module "SMD Capacitor:C_1206_3216Metric_Pad1.33x1.80mm_HandSolder" (layer F.Cu) (tedit 5F68FEEF) (tstamp 61A3CE46)
    (at 140.415001 71.075001)
    (descr "Capacitor SMD 1206 (3216 Metric), square (rectangular) end terminal, IPC_7351 nominal with elongated pad for handsoldering. (Body size source: IPC-SM-782 page 76, https://www.pcb-3d.com/wordpress/wp-content/uploads/ipc-sm-782a_amendment_1_and_2.pdf), generated with kicad-footprint-generator")
    (tags "capacitor handsolder")
    (path /612B612B/61363135)
    (attr smd)
    (fp_text reference C3 (at 0 -1.85) (layer F.SilkS)
      (effects (font (size 1 1) (thickness 0.15)))
    )
    (fp_text value 100nF (at 0 1.85) (layer F.Fab)
      (effects (font (size 1 1) (thickness 0.15)))
    )
    (fp_line (start 2.48 1.15) (end -2.48 1.15) (layer F.CrtYd) (width 0.05))
    (fp_line (start 2.48 -1.15) (end 2.48 1.15) (layer F.CrtYd) (width 0.05))
    (fp_line (start -2.48 -1.15) (end 2.48 -1.15) (layer F.CrtYd) (width 0.05))
    (fp_line (start -2.48 1.15) (end -2.48 -1.15) (layer F.CrtYd) (width 0.05))
    (fp_line (start -0.711252 0.91) (end 0.711252 0.91) (layer F.SilkS) (width 0.12))
    (fp_line (start -0.711252 -0.91) (end 0.711252 -0.91) (layer F.SilkS) (width 0.12))
    (fp_line (start 1.6 0.8) (end -1.6 0.8) (layer F.Fab) (width 0.1))
    (fp_line (start 1.6 -0.8) (end 1.6 0.8) (layer F.Fab) (width 0.1))
    (fp_line (start -1.6 -0.8) (end 1.6 -0.8) (layer F.Fab) (width 0.1))
    (fp_line (start -1.6 0.8) (end -1.6 -0.8) (layer F.Fab) (width 0.1))
    (fp_text user %R (at 0 0) (layer F.Fab)
      (effects (font (size 0.8 0.8) (thickness 0.12)))
    )
    (pad 1 smd roundrect (at -1.5625 0) (size 1.325 1.8) (layers F.Cu F.Paste F.Mask) (roundrect_rratio 0.188679)
      (net 1 TeensyVDD))
    (pad 2 smd roundrect (at 1.5625 0) (size 1.325 1.8) (layers F.Cu F.Paste F.Mask) (roundrect_rratio 0.188679)
      (net 2 GND))
    (model ${KICAD6_3DMODEL_DIR}/Capacitor_SMD.3dshapes/C_1206_3216Metric.wrl
      (at (xyz 0 0 0))
      (scale (xyz 1 1 1))
      (rotate (xyz 0 0 0))
    )
  )

  (module "SMD Capacitor:C_1206_3216Metric_Pad1.33x1.80mm_HandSolder" (layer F.Cu) (tedit 5F68FEEF) (tstamp 61A3CE57)
    (at 75.625001 92.595001)
    (descr "Capacitor SMD 1206 (3216 Metric), square (rectangular) end terminal, IPC_7351 nominal with elongated pad for handsoldering. (Body size source: IPC-SM-782 page 76, https://www.pcb-3d.com/wordpress/wp-content/uploads/ipc-sm-782a_amendment_1_and_2.pdf), generated with kicad-footprint-generator")
    (tags "capacitor handsolder")
    (path /612C106E/61A6AB67/61A79135)
    (attr smd)
    (fp_text reference C4 (at 0 -1.85) (layer F.SilkS)
      (effects (font (size 1 1) (thickness 0.15)))
    )
    (fp_text value 1uF (at 0 1.85) (layer F.Fab)
      (effects (font (size 1 1) (thickness 0.15)))
    )
    (fp_line (start 2.48 1.15) (end -2.48 1.15) (layer F.CrtYd) (width 0.05))
    (fp_line (start 2.48 -1.15) (end 2.48 1.15) (layer F.CrtYd) (width 0.05))
    (fp_line (start -2.48 -1.15) (end 2.48 -1.15) (layer F.CrtYd) (width 0.05))
    (fp_line (start -2.48 1.15) (end -2.48 -1.15) (layer F.CrtYd) (width 0.05))
    (fp_line (start -0.711252 0.91) (end 0.711252 0.91) (layer F.SilkS) (width 0.12))
    (fp_line (start -0.711252 -0.91) (end 0.711252 -0.91) (layer F.SilkS) (width 0.12))
    (fp_line (start 1.6 0.8) (end -1.6 0.8) (layer F.Fab) (width 0.1))
    (fp_line (start 1.6 -0.8) (end 1.6 0.8) (layer F.Fab) (width 0.1))
    (fp_line (start -1.6 -0.8) (end 1.6 -0.8) (layer F.Fab) (width 0.1))
    (fp_line (start -1.6 0.8) (end -1.6 -0.8) (layer F.Fab) (width 0.1))
    (fp_text user %R (at 0 0) (layer F.Fab)
      (effects (font (size 0.8 0.8) (thickness 0.12)))
    )
    (pad 1 smd roundrect (at -1.5625 0) (size 1.325 1.8) (layers F.Cu F.Paste F.Mask) (roundrect_rratio 0.188679)
      (net 60 "Net-(C4-Pad1)"))
    (pad 2 smd roundrect (at 1.5625 0) (size 1.325 1.8) (layers F.Cu F.Paste F.Mask) (roundrect_rratio 0.188679)
      (net 2 GND))
    (model ${KICAD6_3DMODEL_DIR}/Capacitor_SMD.3dshapes/C_1206_3216Metric.wrl
      (at (xyz 0 0 0))
      (scale (xyz 1 1 1))
      (rotate (xyz 0 0 0))
    )
  )

  (module "SMD Capacitor:C_1206_3216Metric_Pad1.33x1.80mm_HandSolder" (layer F.Cu) (tedit 5F68FEEF) (tstamp 61A3CE68)
    (at 75.625001 85.895001)
    (descr "Capacitor SMD 1206 (3216 Metric), square (rectangular) end terminal, IPC_7351 nominal with elongated pad for handsoldering. (Body size source: IPC-SM-782 page 76, https://www.pcb-3d.com/wordpress/wp-content/uploads/ipc-sm-782a_amendment_1_and_2.pdf), generated with kicad-footprint-generator")
    (tags "capacitor handsolder")
    (path /612C106E/61A6AB67/61A6D90B)
    (attr smd)
    (fp_text reference C5 (at 0 -1.85) (layer F.SilkS)
      (effects (font (size 1 1) (thickness 0.15)))
    )
    (fp_text value 1uF (at 0 1.85) (layer F.Fab)
      (effects (font (size 1 1) (thickness 0.15)))
    )
    (fp_text user %R (at 0 0) (layer F.Fab)
      (effects (font (size 0.8 0.8) (thickness 0.12)))
    )
    (fp_line (start -1.6 0.8) (end -1.6 -0.8) (layer F.Fab) (width 0.1))
    (fp_line (start -1.6 -0.8) (end 1.6 -0.8) (layer F.Fab) (width 0.1))
    (fp_line (start 1.6 -0.8) (end 1.6 0.8) (layer F.Fab) (width 0.1))
    (fp_line (start 1.6 0.8) (end -1.6 0.8) (layer F.Fab) (width 0.1))
    (fp_line (start -0.711252 -0.91) (end 0.711252 -0.91) (layer F.SilkS) (width 0.12))
    (fp_line (start -0.711252 0.91) (end 0.711252 0.91) (layer F.SilkS) (width 0.12))
    (fp_line (start -2.48 1.15) (end -2.48 -1.15) (layer F.CrtYd) (width 0.05))
    (fp_line (start -2.48 -1.15) (end 2.48 -1.15) (layer F.CrtYd) (width 0.05))
    (fp_line (start 2.48 -1.15) (end 2.48 1.15) (layer F.CrtYd) (width 0.05))
    (fp_line (start 2.48 1.15) (end -2.48 1.15) (layer F.CrtYd) (width 0.05))
    (pad 2 smd roundrect (at 1.5625 0) (size 1.325 1.8) (layers F.Cu F.Paste F.Mask) (roundrect_rratio 0.188679)
      (net 2 GND))
    (pad 1 smd roundrect (at -1.5625 0) (size 1.325 1.8) (layers F.Cu F.Paste F.Mask) (roundrect_rratio 0.188679)
      (net 17 VDD))
    (model ${KICAD6_3DMODEL_DIR}/Capacitor_SMD.3dshapes/C_1206_3216Metric.wrl
      (at (xyz 0 0 0))
      (scale (xyz 1 1 1))
      (rotate (xyz 0 0 0))
    )
  )

  (module "SMD Capacitor:C_1206_3216Metric_Pad1.33x1.80mm_HandSolder" (layer F.Cu) (tedit 5F68FEEF) (tstamp 61A3CE79)
    (at 75.625001 89.245001)
    (descr "Capacitor SMD 1206 (3216 Metric), square (rectangular) end terminal, IPC_7351 nominal with elongated pad for handsoldering. (Body size source: IPC-SM-782 page 76, https://www.pcb-3d.com/wordpress/wp-content/uploads/ipc-sm-782a_amendment_1_and_2.pdf), generated with kicad-footprint-generator")
    (tags "capacitor handsolder")
    (path /612C106E/61A6AB67/61A6EBA1)
    (attr smd)
    (fp_text reference C6 (at 0 -1.85) (layer F.SilkS)
      (effects (font (size 1 1) (thickness 0.15)))
    )
    (fp_text value 1uF (at 0 1.85) (layer F.Fab)
      (effects (font (size 1 1) (thickness 0.15)))
    )
    (fp_line (start 2.48 1.15) (end -2.48 1.15) (layer F.CrtYd) (width 0.05))
    (fp_line (start 2.48 -1.15) (end 2.48 1.15) (layer F.CrtYd) (width 0.05))
    (fp_line (start -2.48 -1.15) (end 2.48 -1.15) (layer F.CrtYd) (width 0.05))
    (fp_line (start -2.48 1.15) (end -2.48 -1.15) (layer F.CrtYd) (width 0.05))
    (fp_line (start -0.711252 0.91) (end 0.711252 0.91) (layer F.SilkS) (width 0.12))
    (fp_line (start -0.711252 -0.91) (end 0.711252 -0.91) (layer F.SilkS) (width 0.12))
    (fp_line (start 1.6 0.8) (end -1.6 0.8) (layer F.Fab) (width 0.1))
    (fp_line (start 1.6 -0.8) (end 1.6 0.8) (layer F.Fab) (width 0.1))
    (fp_line (start -1.6 -0.8) (end 1.6 -0.8) (layer F.Fab) (width 0.1))
    (fp_line (start -1.6 0.8) (end -1.6 -0.8) (layer F.Fab) (width 0.1))
    (fp_text user %R (at 0 0) (layer F.Fab)
      (effects (font (size 0.8 0.8) (thickness 0.12)))
    )
    (pad 1 smd roundrect (at -1.5625 0) (size 1.325 1.8) (layers F.Cu F.Paste F.Mask) (roundrect_rratio 0.188679)
      (net 17 VDD))
    (pad 2 smd roundrect (at 1.5625 0) (size 1.325 1.8) (layers F.Cu F.Paste F.Mask) (roundrect_rratio 0.188679)
      (net 2 GND))
    (model ${KICAD6_3DMODEL_DIR}/Capacitor_SMD.3dshapes/C_1206_3216Metric.wrl
      (at (xyz 0 0 0))
      (scale (xyz 1 1 1))
      (rotate (xyz 0 0 0))
    )
  )

  (module "SMD Capacitor:C_1206_3216Metric_Pad1.33x1.80mm_HandSolder" (layer F.Cu) (tedit 5F68FEEF) (tstamp 61A3CE8A)
    (at 81.635001 85.895001)
    (descr "Capacitor SMD 1206 (3216 Metric), square (rectangular) end terminal, IPC_7351 nominal with elongated pad for handsoldering. (Body size source: IPC-SM-782 page 76, https://www.pcb-3d.com/wordpress/wp-content/uploads/ipc-sm-782a_amendment_1_and_2.pdf), generated with kicad-footprint-generator")
    (tags "capacitor handsolder")
    (path /612C106E/61A6AB67/61A6EE82)
    (attr smd)
    (fp_text reference C7 (at 0 -1.85) (layer F.SilkS)
      (effects (font (size 1 1) (thickness 0.15)))
    )
    (fp_text value 1uF (at 0 1.85) (layer F.Fab)
      (effects (font (size 1 1) (thickness 0.15)))
    )
    (fp_text user %R (at 0 0) (layer F.Fab)
      (effects (font (size 0.8 0.8) (thickness 0.12)))
    )
    (fp_line (start -1.6 0.8) (end -1.6 -0.8) (layer F.Fab) (width 0.1))
    (fp_line (start -1.6 -0.8) (end 1.6 -0.8) (layer F.Fab) (width 0.1))
    (fp_line (start 1.6 -0.8) (end 1.6 0.8) (layer F.Fab) (width 0.1))
    (fp_line (start 1.6 0.8) (end -1.6 0.8) (layer F.Fab) (width 0.1))
    (fp_line (start -0.711252 -0.91) (end 0.711252 -0.91) (layer F.SilkS) (width 0.12))
    (fp_line (start -0.711252 0.91) (end 0.711252 0.91) (layer F.SilkS) (width 0.12))
    (fp_line (start -2.48 1.15) (end -2.48 -1.15) (layer F.CrtYd) (width 0.05))
    (fp_line (start -2.48 -1.15) (end 2.48 -1.15) (layer F.CrtYd) (width 0.05))
    (fp_line (start 2.48 -1.15) (end 2.48 1.15) (layer F.CrtYd) (width 0.05))
    (fp_line (start 2.48 1.15) (end -2.48 1.15) (layer F.CrtYd) (width 0.05))
    (pad 2 smd roundrect (at 1.5625 0) (size 1.325 1.8) (layers F.Cu F.Paste F.Mask) (roundrect_rratio 0.188679)
      (net 2 GND))
    (pad 1 smd roundrect (at -1.5625 0) (size 1.325 1.8) (layers F.Cu F.Paste F.Mask) (roundrect_rratio 0.188679)
      (net 17 VDD))
    (model ${KICAD6_3DMODEL_DIR}/Capacitor_SMD.3dshapes/C_1206_3216Metric.wrl
      (at (xyz 0 0 0))
      (scale (xyz 1 1 1))
      (rotate (xyz 0 0 0))
    )
  )

  (module "SMD Capacitor:C_1206_3216Metric_Pad1.33x1.80mm_HandSolder" (layer F.Cu) (tedit 5F68FEEF) (tstamp 61A3CE9B)
    (at 145.215001 19.765001)
    (descr "Capacitor SMD 1206 (3216 Metric), square (rectangular) end terminal, IPC_7351 nominal with elongated pad for handsoldering. (Body size source: IPC-SM-782 page 76, https://www.pcb-3d.com/wordpress/wp-content/uploads/ipc-sm-782a_amendment_1_and_2.pdf), generated with kicad-footprint-generator")
    (tags "capacitor handsolder")
    (path /612C106E/61A7FB60/61A79135)
    (attr smd)
    (fp_text reference C8 (at 0 -1.85) (layer F.SilkS)
      (effects (font (size 1 1) (thickness 0.15)))
    )
    (fp_text value 1uF (at 0 1.85) (layer F.Fab)
      (effects (font (size 1 1) (thickness 0.15)))
    )
    (fp_text user %R (at 0 0) (layer F.Fab)
      (effects (font (size 0.8 0.8) (thickness 0.12)))
    )
    (fp_line (start -1.6 0.8) (end -1.6 -0.8) (layer F.Fab) (width 0.1))
    (fp_line (start -1.6 -0.8) (end 1.6 -0.8) (layer F.Fab) (width 0.1))
    (fp_line (start 1.6 -0.8) (end 1.6 0.8) (layer F.Fab) (width 0.1))
    (fp_line (start 1.6 0.8) (end -1.6 0.8) (layer F.Fab) (width 0.1))
    (fp_line (start -0.711252 -0.91) (end 0.711252 -0.91) (layer F.SilkS) (width 0.12))
    (fp_line (start -0.711252 0.91) (end 0.711252 0.91) (layer F.SilkS) (width 0.12))
    (fp_line (start -2.48 1.15) (end -2.48 -1.15) (layer F.CrtYd) (width 0.05))
    (fp_line (start -2.48 -1.15) (end 2.48 -1.15) (layer F.CrtYd) (width 0.05))
    (fp_line (start 2.48 -1.15) (end 2.48 1.15) (layer F.CrtYd) (width 0.05))
    (fp_line (start 2.48 1.15) (end -2.48 1.15) (layer F.CrtYd) (width 0.05))
    (pad 2 smd roundrect (at 1.5625 0) (size 1.325 1.8) (layers F.Cu F.Paste F.Mask) (roundrect_rratio 0.188679)
      (net 2 GND))
    (pad 1 smd roundrect (at -1.5625 0) (size 1.325 1.8) (layers F.Cu F.Paste F.Mask) (roundrect_rratio 0.188679)
      (net 61 "Net-(C8-Pad1)"))
    (model ${KICAD6_3DMODEL_DIR}/Capacitor_SMD.3dshapes/C_1206_3216Metric.wrl
      (at (xyz 0 0 0))
      (scale (xyz 1 1 1))
      (rotate (xyz 0 0 0))
    )
  )

  (module "SMD Capacitor:C_1206_3216Metric_Pad1.33x1.80mm_HandSolder" (layer F.Cu) (tedit 5F68FEEF) (tstamp 61A3CEAC)
    (at 151.225001 16.415001)
    (descr "Capacitor SMD 1206 (3216 Metric), square (rectangular) end terminal, IPC_7351 nominal with elongated pad for handsoldering. (Body size source: IPC-SM-782 page 76, https://www.pcb-3d.com/wordpress/wp-content/uploads/ipc-sm-782a_amendment_1_and_2.pdf), generated with kicad-footprint-generator")
    (tags "capacitor handsolder")
    (path /612C106E/61A7FB60/61A6D90B)
    (attr smd)
    (fp_text reference C9 (at 0 -1.85) (layer F.SilkS)
      (effects (font (size 1 1) (thickness 0.15)))
    )
    (fp_text value 1uF (at 0 1.85) (layer F.Fab)
      (effects (font (size 1 1) (thickness 0.15)))
    )
    (fp_line (start 2.48 1.15) (end -2.48 1.15) (layer F.CrtYd) (width 0.05))
    (fp_line (start 2.48 -1.15) (end 2.48 1.15) (layer F.CrtYd) (width 0.05))
    (fp_line (start -2.48 -1.15) (end 2.48 -1.15) (layer F.CrtYd) (width 0.05))
    (fp_line (start -2.48 1.15) (end -2.48 -1.15) (layer F.CrtYd) (width 0.05))
    (fp_line (start -0.711252 0.91) (end 0.711252 0.91) (layer F.SilkS) (width 0.12))
    (fp_line (start -0.711252 -0.91) (end 0.711252 -0.91) (layer F.SilkS) (width 0.12))
    (fp_line (start 1.6 0.8) (end -1.6 0.8) (layer F.Fab) (width 0.1))
    (fp_line (start 1.6 -0.8) (end 1.6 0.8) (layer F.Fab) (width 0.1))
    (fp_line (start -1.6 -0.8) (end 1.6 -0.8) (layer F.Fab) (width 0.1))
    (fp_line (start -1.6 0.8) (end -1.6 -0.8) (layer F.Fab) (width 0.1))
    (fp_text user %R (at 0 0) (layer F.Fab)
      (effects (font (size 0.8 0.8) (thickness 0.12)))
    )
    (pad 1 smd roundrect (at -1.5625 0) (size 1.325 1.8) (layers F.Cu F.Paste F.Mask) (roundrect_rratio 0.188679)
      (net 17 VDD))
    (pad 2 smd roundrect (at 1.5625 0) (size 1.325 1.8) (layers F.Cu F.Paste F.Mask) (roundrect_rratio 0.188679)
      (net 2 GND))
    (model ${KICAD6_3DMODEL_DIR}/Capacitor_SMD.3dshapes/C_1206_3216Metric.wrl
      (at (xyz 0 0 0))
      (scale (xyz 1 1 1))
      (rotate (xyz 0 0 0))
    )
  )

  (module "SMD Capacitor:C_1206_3216Metric_Pad1.33x1.80mm_HandSolder" (layer F.Cu) (tedit 5F68FEEF) (tstamp 61A3CEBD)
    (at 145.215001 23.115001)
    (descr "Capacitor SMD 1206 (3216 Metric), square (rectangular) end terminal, IPC_7351 nominal with elongated pad for handsoldering. (Body size source: IPC-SM-782 page 76, https://www.pcb-3d.com/wordpress/wp-content/uploads/ipc-sm-782a_amendment_1_and_2.pdf), generated with kicad-footprint-generator")
    (tags "capacitor handsolder")
    (path /612C106E/61A7FB60/61A6EBA1)
    (attr smd)
    (fp_text reference C10 (at 0 -1.85) (layer F.SilkS)
      (effects (font (size 1 1) (thickness 0.15)))
    )
    (fp_text value 1uF (at 0 1.85) (layer F.Fab)
      (effects (font (size 1 1) (thickness 0.15)))
    )
    (fp_text user %R (at 0 0) (layer F.Fab)
      (effects (font (size 0.8 0.8) (thickness 0.12)))
    )
    (fp_line (start -1.6 0.8) (end -1.6 -0.8) (layer F.Fab) (width 0.1))
    (fp_line (start -1.6 -0.8) (end 1.6 -0.8) (layer F.Fab) (width 0.1))
    (fp_line (start 1.6 -0.8) (end 1.6 0.8) (layer F.Fab) (width 0.1))
    (fp_line (start 1.6 0.8) (end -1.6 0.8) (layer F.Fab) (width 0.1))
    (fp_line (start -0.711252 -0.91) (end 0.711252 -0.91) (layer F.SilkS) (width 0.12))
    (fp_line (start -0.711252 0.91) (end 0.711252 0.91) (layer F.SilkS) (width 0.12))
    (fp_line (start -2.48 1.15) (end -2.48 -1.15) (layer F.CrtYd) (width 0.05))
    (fp_line (start -2.48 -1.15) (end 2.48 -1.15) (layer F.CrtYd) (width 0.05))
    (fp_line (start 2.48 -1.15) (end 2.48 1.15) (layer F.CrtYd) (width 0.05))
    (fp_line (start 2.48 1.15) (end -2.48 1.15) (layer F.CrtYd) (width 0.05))
    (pad 2 smd roundrect (at 1.5625 0) (size 1.325 1.8) (layers F.Cu F.Paste F.Mask) (roundrect_rratio 0.188679)
      (net 2 GND))
    (pad 1 smd roundrect (at -1.5625 0) (size 1.325 1.8) (layers F.Cu F.Paste F.Mask) (roundrect_rratio 0.188679)
      (net 17 VDD))
    (model ${KICAD6_3DMODEL_DIR}/Capacitor_SMD.3dshapes/C_1206_3216Metric.wrl
      (at (xyz 0 0 0))
      (scale (xyz 1 1 1))
      (rotate (xyz 0 0 0))
    )
  )

  (module "SMD Capacitor:C_1206_3216Metric_Pad1.33x1.80mm_HandSolder" (layer F.Cu) (tedit 5F68FEEF) (tstamp 61A3CECE)
    (at 145.215001 16.415001)
    (descr "Capacitor SMD 1206 (3216 Metric), square (rectangular) end terminal, IPC_7351 nominal with elongated pad for handsoldering. (Body size source: IPC-SM-782 page 76, https://www.pcb-3d.com/wordpress/wp-content/uploads/ipc-sm-782a_amendment_1_and_2.pdf), generated with kicad-footprint-generator")
    (tags "capacitor handsolder")
    (path /612C106E/61A7FB60/61A6EE82)
    (attr smd)
    (fp_text reference C11 (at 0 -1.85) (layer F.SilkS)
      (effects (font (size 1 1) (thickness 0.15)))
    )
    (fp_text value 1uF (at 0 1.85) (layer F.Fab)
      (effects (font (size 1 1) (thickness 0.15)))
    )
    (fp_line (start 2.48 1.15) (end -2.48 1.15) (layer F.CrtYd) (width 0.05))
    (fp_line (start 2.48 -1.15) (end 2.48 1.15) (layer F.CrtYd) (width 0.05))
    (fp_line (start -2.48 -1.15) (end 2.48 -1.15) (layer F.CrtYd) (width 0.05))
    (fp_line (start -2.48 1.15) (end -2.48 -1.15) (layer F.CrtYd) (width 0.05))
    (fp_line (start -0.711252 0.91) (end 0.711252 0.91) (layer F.SilkS) (width 0.12))
    (fp_line (start -0.711252 -0.91) (end 0.711252 -0.91) (layer F.SilkS) (width 0.12))
    (fp_line (start 1.6 0.8) (end -1.6 0.8) (layer F.Fab) (width 0.1))
    (fp_line (start 1.6 -0.8) (end 1.6 0.8) (layer F.Fab) (width 0.1))
    (fp_line (start -1.6 -0.8) (end 1.6 -0.8) (layer F.Fab) (width 0.1))
    (fp_line (start -1.6 0.8) (end -1.6 -0.8) (layer F.Fab) (width 0.1))
    (fp_text user %R (at 0 0) (layer F.Fab)
      (effects (font (size 0.8 0.8) (thickness 0.12)))
    )
    (pad 1 smd roundrect (at -1.5625 0) (size 1.325 1.8) (layers F.Cu F.Paste F.Mask) (roundrect_rratio 0.188679)
      (net 17 VDD))
    (pad 2 smd roundrect (at 1.5625 0) (size 1.325 1.8) (layers F.Cu F.Paste F.Mask) (roundrect_rratio 0.188679)
      (net 2 GND))
    (model ${KICAD6_3DMODEL_DIR}/Capacitor_SMD.3dshapes/C_1206_3216Metric.wrl
      (at (xyz 0 0 0))
      (scale (xyz 1 1 1))
      (rotate (xyz 0 0 0))
    )
  )

  (module "SMD Capacitor:C_1206_3216Metric_Pad1.33x1.80mm_HandSolder" (layer F.Cu) (tedit 5F68FEEF) (tstamp 61A3CEDF)
    (at 100.265001 77.425001)
    (descr "Capacitor SMD 1206 (3216 Metric), square (rectangular) end terminal, IPC_7351 nominal with elongated pad for handsoldering. (Body size source: IPC-SM-782 page 76, https://www.pcb-3d.com/wordpress/wp-content/uploads/ipc-sm-782a_amendment_1_and_2.pdf), generated with kicad-footprint-generator")
    (tags "capacitor handsolder")
    (path /612B5551/61A6AB67/61A79135)
    (attr smd)
    (fp_text reference C12 (at 0 -1.85) (layer F.SilkS)
      (effects (font (size 1 1) (thickness 0.15)))
    )
    (fp_text value 1uF (at 0 1.85) (layer F.Fab)
      (effects (font (size 1 1) (thickness 0.15)))
    )
    (fp_text user %R (at 0 0) (layer F.Fab)
      (effects (font (size 0.8 0.8) (thickness 0.12)))
    )
    (fp_line (start -1.6 0.8) (end -1.6 -0.8) (layer F.Fab) (width 0.1))
    (fp_line (start -1.6 -0.8) (end 1.6 -0.8) (layer F.Fab) (width 0.1))
    (fp_line (start 1.6 -0.8) (end 1.6 0.8) (layer F.Fab) (width 0.1))
    (fp_line (start 1.6 0.8) (end -1.6 0.8) (layer F.Fab) (width 0.1))
    (fp_line (start -0.711252 -0.91) (end 0.711252 -0.91) (layer F.SilkS) (width 0.12))
    (fp_line (start -0.711252 0.91) (end 0.711252 0.91) (layer F.SilkS) (width 0.12))
    (fp_line (start -2.48 1.15) (end -2.48 -1.15) (layer F.CrtYd) (width 0.05))
    (fp_line (start -2.48 -1.15) (end 2.48 -1.15) (layer F.CrtYd) (width 0.05))
    (fp_line (start 2.48 -1.15) (end 2.48 1.15) (layer F.CrtYd) (width 0.05))
    (fp_line (start 2.48 1.15) (end -2.48 1.15) (layer F.CrtYd) (width 0.05))
    (pad 2 smd roundrect (at 1.5625 0) (size 1.325 1.8) (layers F.Cu F.Paste F.Mask) (roundrect_rratio 0.188679)
      (net 2 GND))
    (pad 1 smd roundrect (at -1.5625 0) (size 1.325 1.8) (layers F.Cu F.Paste F.Mask) (roundrect_rratio 0.188679)
      (net 62 "Net-(C12-Pad1)"))
    (model ${KICAD6_3DMODEL_DIR}/Capacitor_SMD.3dshapes/C_1206_3216Metric.wrl
      (at (xyz 0 0 0))
      (scale (xyz 1 1 1))
      (rotate (xyz 0 0 0))
    )
  )

  (module "SMD Capacitor:C_1206_3216Metric_Pad1.33x1.80mm_HandSolder" (layer F.Cu) (tedit 5F68FEEF) (tstamp 61A3CEF0)
    (at 106.275001 70.725001)
    (descr "Capacitor SMD 1206 (3216 Metric), square (rectangular) end terminal, IPC_7351 nominal with elongated pad for handsoldering. (Body size source: IPC-SM-782 page 76, https://www.pcb-3d.com/wordpress/wp-content/uploads/ipc-sm-782a_amendment_1_and_2.pdf), generated with kicad-footprint-generator")
    (tags "capacitor handsolder")
    (path /612B5551/61A6AB67/61A6D90B)
    (attr smd)
    (fp_text reference C13 (at 0 -1.85) (layer F.SilkS)
      (effects (font (size 1 1) (thickness 0.15)))
    )
    (fp_text value 1uF (at 0 1.85) (layer F.Fab)
      (effects (font (size 1 1) (thickness 0.15)))
    )
    (fp_line (start 2.48 1.15) (end -2.48 1.15) (layer F.CrtYd) (width 0.05))
    (fp_line (start 2.48 -1.15) (end 2.48 1.15) (layer F.CrtYd) (width 0.05))
    (fp_line (start -2.48 -1.15) (end 2.48 -1.15) (layer F.CrtYd) (width 0.05))
    (fp_line (start -2.48 1.15) (end -2.48 -1.15) (layer F.CrtYd) (width 0.05))
    (fp_line (start -0.711252 0.91) (end 0.711252 0.91) (layer F.SilkS) (width 0.12))
    (fp_line (start -0.711252 -0.91) (end 0.711252 -0.91) (layer F.SilkS) (width 0.12))
    (fp_line (start 1.6 0.8) (end -1.6 0.8) (layer F.Fab) (width 0.1))
    (fp_line (start 1.6 -0.8) (end 1.6 0.8) (layer F.Fab) (width 0.1))
    (fp_line (start -1.6 -0.8) (end 1.6 -0.8) (layer F.Fab) (width 0.1))
    (fp_line (start -1.6 0.8) (end -1.6 -0.8) (layer F.Fab) (width 0.1))
    (fp_text user %R (at 0 0) (layer F.Fab)
      (effects (font (size 0.8 0.8) (thickness 0.12)))
    )
    (pad 1 smd roundrect (at -1.5625 0) (size 1.325 1.8) (layers F.Cu F.Paste F.Mask) (roundrect_rratio 0.188679)
      (net 17 VDD))
    (pad 2 smd roundrect (at 1.5625 0) (size 1.325 1.8) (layers F.Cu F.Paste F.Mask) (roundrect_rratio 0.188679)
      (net 2 GND))
    (model ${KICAD6_3DMODEL_DIR}/Capacitor_SMD.3dshapes/C_1206_3216Metric.wrl
      (at (xyz 0 0 0))
      (scale (xyz 1 1 1))
      (rotate (xyz 0 0 0))
    )
  )

  (module "SMD Capacitor:C_1206_3216Metric_Pad1.33x1.80mm_HandSolder" (layer F.Cu) (tedit 5F68FEEF) (tstamp 61A3CF01)
    (at 100.265001 70.725001)
    (descr "Capacitor SMD 1206 (3216 Metric), square (rectangular) end terminal, IPC_7351 nominal with elongated pad for handsoldering. (Body size source: IPC-SM-782 page 76, https://www.pcb-3d.com/wordpress/wp-content/uploads/ipc-sm-782a_amendment_1_and_2.pdf), generated with kicad-footprint-generator")
    (tags "capacitor handsolder")
    (path /612B5551/61A6AB67/61A6EBA1)
    (attr smd)
    (fp_text reference C14 (at 0 -1.85) (layer F.SilkS)
      (effects (font (size 1 1) (thickness 0.15)))
    )
    (fp_text value 1uF (at 0 1.85) (layer F.Fab)
      (effects (font (size 1 1) (thickness 0.15)))
    )
    (fp_text user %R (at 0 0) (layer F.Fab)
      (effects (font (size 0.8 0.8) (thickness 0.12)))
